%%% 
%%% params.m
%%% 
%%% Automatically-generated Matlab file containing parameters
%%% used in this MITgcm experiment.
%%% 

vectorInvariantMomentum=1;
viscAr=0.00000000e+00;
viscA4=0.00000000e+00;
viscAh=0.00000000e+00;
viscA4Grid=1.00000000e-01;
viscAhGrid=0.00000000e+00;
viscA4GridMax=5.00000000e-01;
viscAhGridMax=1.00000000e+00;
useAreaViscLength=0;
useFullLeith=1;
viscC4leith=0.00000000e+00;
viscC4leithD=0.00000000e+00;
viscC2leith=0.00000000e+00;
viscC2leithD=0.00000000e+00;
viscC4smag=0.00000000e+00;
tempAdvScheme=80;
saltAdvScheme=80;
diffKrT=0.00000000e+00;
diffKhT=0.00000000e+00;
diffK4T=0.00000000e+00;
tempStepping=1;
saltStepping=0;
staggerTimeStep=1;
eosType='LINEAR';
tAlpha=1.00000000e-04;
sBeta=0.00000000e+00;
no_slip_sides=0;
no_slip_bottom=0;
bottomDragLinear=0.00000000e+00;
bottomDragQuadratic=2.50000000e-03;
f0=1.00000000e-04;
beta=0.00000000e+00;
gravity=9.81000000e+00;
quasiHydrostatic=0;
fPrime=0.00000000e+00;
ivdc_kappa=1.00000000e+02;
implicitDiffusion=1;
implicitViscosity=1;
exactConserv=1;
useCDscheme=0;
hFacMin=1.00000000e-01;
readBinaryPrec=64;
useSingleCpuIO=1;
debugLevel=1;
useJamartWetPoints=1;
useJamartMomAdv=1;
hFacMinDr=1.04837500e+01;

useSRCGSolver=1;
cg2dMaxIters=1000;
cg2dTargetResidual=1.00000000e-12;

alph_AB=5.00000000e-01;
beta_AB=4.16666667e-01;
nIter0=0;
abEps=1.00000000e-01;
chkptFreq=0.00000000e+00;
pChkptFreq=1.57680000e+08;
taveFreq=0.00000000e+00;
dumpFreq=0.00000000e+00;
monitorFreq=1.57680000e+08;
dumpInitAndLast=1;
pickupStrictlyMatch=0;
endTime=3784363254;
deltaT=1.67400000e+03;

usingCartesianGrid=1;
usingSphericalPolarGrid=0;
delX=[ 2.50000000e+04 2.50000000e+04 2.50000000e+04 2.50000000e+04 2.50000000e+04 2.50000000e+04 2.50000000e+04 2.50000000e+04 2.50000000e+04 2.50000000e+04 2.50000000e+04 2.50000000e+04 2.50000000e+04 2.50000000e+04 2.50000000e+04 2.50000000e+04 2.50000000e+04 2.50000000e+04 2.50000000e+04 2.50000000e+04 2.50000000e+04 2.50000000e+04 2.50000000e+04 2.50000000e+04 2.50000000e+04 2.50000000e+04 2.50000000e+04 2.50000000e+04 2.50000000e+04 2.50000000e+04 2.50000000e+04 2.50000000e+04 ];
delY=[ 2.50000000e+04 2.50000000e+04 2.50000000e+04 2.50000000e+04 2.50000000e+04 2.50000000e+04 2.50000000e+04 2.50000000e+04 2.50000000e+04 2.50000000e+04 2.50000000e+04 2.50000000e+04 2.50000000e+04 2.50000000e+04 2.50000000e+04 2.50000000e+04 2.50000000e+04 2.50000000e+04 2.50000000e+04 2.50000000e+04 2.50000000e+04 2.50000000e+04 2.50000000e+04 2.50000000e+04 ];
delR=[ 1.04837500e+01 1.05045671e+01 1.05299807e+01 1.05610021e+01 1.05988638e+01 1.06450665e+01 1.07014365e+01 1.07701947e+01 1.08540386e+01 1.09562412e+01 1.10807675e+01 1.12324123e+01 1.14169609e+01 1.16413741e+01 1.19139999e+01 1.22448078e+01 1.26456436e+01 1.31304943e+01 1.37157476e+01 1.44204186e+01 1.52663072e+01 1.62780281e+01 1.74828428e+01 1.89101990e+01 2.05908716e+01 2.25555976e+01 2.48331157e+01 2.74475814e+01 3.04154302e+01 3.37419122e+01 3.74177088e+01 4.14162083e+01 4.56921145e+01 5.01819984e+01 5.48071409e+01 5.94785734e+01 6.41037159e+01 6.85935998e+01 7.28695060e+01 7.68680054e+01 8.05438021e+01 8.38702841e+01 8.68381328e+01 8.94525986e+01 9.17301167e+01 9.36948427e+01 9.53755153e+01 9.68028715e+01 9.80076862e+01 9.90194071e+01 9.98652956e+01 1.00569967e+02 1.01155220e+02 1.01640071e+02 1.02040906e+02 1.02371714e+02 1.02644340e+02 1.02868753e+02 1.03053302e+02 1.03204947e+02 1.03329473e+02 1.03431676e+02 1.03515520e+02 1.03584278e+02 1.03640648e+02 1.03686851e+02 1.03724712e+02 1.03755734e+02 1.03781147e+02 1.03801964e+02 ];

bathyFile='bathyFile.bin';
hydrogThetaFile='hydrogThetaFile.bin';
zonalWindFile='zonalWindFile.bin';
surfQfile='surfQfile.bin';

useRBCtemp=1;
useRBCsalt=0;
useRBCuVel=0;
useRBCvVel=0;
tauRelaxT=1.20960000e+06;
tauRelaxS=8.64000000e+04;
tauRelaxU=8.64000000e+04;
tauRelaxV=8.64000000e+04;
relaxTFile='sponge_temp.bin';
relaxMaskFile{1}='rbcs_temp_mask.bin';


useOrlanskiNorth=1;
OB_Jnorth=[ 24 24 24 24 24 24 24 24 24 24 24 24 24 24 24 24 24 24 24 24 24 24 24 24 24 24 24 24 24 24 24 24 ];
useOBCSbalance=1;
OBCS_balanceFacN=-1.00000000e+00;
OBCS_balanceFacE=0.00000000e+00;
OBCS_balanceFacS=0.00000000e+00;
OBCS_balanceFacW=0.00000000e+00;

cvelTimeScale=5.02200000e+03;
CMAX=4.50000000e-01;

diag_fields{1,1}='UVEL';
diag_fileNames{1}='UVEL';
diag_frequency(1)=6.30720000e+08;
diag_timePhase(1)=1.89216000e+09;
diag_fields{1,2}='VVEL';
diag_fileNames{2}='VVEL';
diag_frequency(2)=6.30720000e+08;
diag_timePhase(2)=1.89216000e+09;
diag_fields{1,3}='WVEL';
diag_fileNames{3}='WVEL';
diag_frequency(3)=6.30720000e+08;
diag_timePhase(3)=1.89216000e+09;
diag_fields{1,4}='UVELSQ';
diag_fileNames{4}='UVELSQ';
diag_frequency(4)=6.30720000e+08;
diag_timePhase(4)=1.89216000e+09;
diag_fields{1,5}='VVELSQ';
diag_fileNames{5}='VVELSQ';
diag_frequency(5)=6.30720000e+08;
diag_timePhase(5)=1.89216000e+09;
diag_fields{1,6}='WVELSQ';
diag_fileNames{6}='WVELSQ';
diag_frequency(6)=6.30720000e+08;
diag_timePhase(6)=1.89216000e+09;
diag_fields{1,7}='UV_VEL_Z';
diag_fileNames{7}='UV_VEL_Z';
diag_frequency(7)=6.30720000e+08;
diag_timePhase(7)=1.89216000e+09;
diag_fields{1,8}='UV_VEL_C';
diag_fileNames{8}='UV_VEL_C';
diag_frequency(8)=6.30720000e+08;
diag_timePhase(8)=1.89216000e+09;
diag_fields{1,9}='WU_VEL';
diag_fileNames{9}='WU_VEL';
diag_frequency(9)=6.30720000e+08;
diag_timePhase(9)=1.89216000e+09;
diag_fields{1,10}='WV_VEL';
diag_fileNames{10}='WV_VEL';
diag_frequency(10)=6.30720000e+08;
diag_timePhase(10)=1.89216000e+09;
diag_fields{1,11}='UVELTH';
diag_fileNames{11}='UVELTH';
diag_frequency(11)=6.30720000e+08;
diag_timePhase(11)=1.89216000e+09;
diag_fields{1,12}='VVELTH';
diag_fileNames{12}='VVELTH';
diag_frequency(12)=6.30720000e+08;
diag_timePhase(12)=1.89216000e+09;
diag_fields{1,13}='WVELTH';
diag_fileNames{13}='WVELTH';
diag_frequency(13)=6.30720000e+08;
diag_timePhase(13)=1.89216000e+09;
diag_fields{1,14}='THETA';
diag_fileNames{14}='THETA';
diag_frequency(14)=6.30720000e+08;
diag_timePhase(14)=1.89216000e+09;
diag_fields{1,15}='THETASQ';
diag_fileNames{15}='THETASQ';
diag_frequency(15)=6.30720000e+08;
diag_timePhase(15)=1.89216000e+09;
diag_fields{1,16}='PHIHYD';
diag_fileNames{16}='PHIHYD';
diag_frequency(16)=6.30720000e+08;
diag_timePhase(16)=1.89216000e+09;
diag_fields{1,17}='MXLDEPTH';
diag_fileNames{17}='MXLDEPTH';
diag_frequency(17)=6.30720000e+08;
diag_timePhase(17)=1.89216000e+09;
diag_fields{1,18}='UUU_VEL';
diag_fileNames{18}='UUU_VEL';
diag_frequency(18)=6.30720000e+08;
diag_timePhase(18)=1.89216000e+09;
diag_fields{1,19}='UVV_VEL';
diag_fileNames{19}='UVV_VEL';
diag_frequency(19)=6.30720000e+08;
diag_timePhase(19)=1.89216000e+09;
diag_fields{1,20}='UWW_VEL';
diag_fileNames{20}='UWW_VEL';
diag_frequency(20)=6.30720000e+08;
diag_timePhase(20)=1.89216000e+09;
diag_fields{1,21}='VUU_VEL';
diag_fileNames{21}='VUU_VEL';
diag_frequency(21)=6.30720000e+08;
diag_timePhase(21)=1.89216000e+09;
diag_fields{1,22}='VVV_VEL';
diag_fileNames{22}='VVV_VEL';
diag_frequency(22)=6.30720000e+08;
diag_timePhase(22)=1.89216000e+09;
diag_fields{1,23}='VWW_VEL';
diag_fileNames{23}='VWW_VEL';
diag_frequency(23)=6.30720000e+08;
diag_timePhase(23)=1.89216000e+09;
diag_fields{1,24}='WUU_VEL';
diag_fileNames{24}='WUU_VEL';
diag_frequency(24)=6.30720000e+08;
diag_timePhase(24)=1.89216000e+09;
diag_fields{1,25}='WVV_VEL';
diag_fileNames{25}='WVV_VEL';
diag_frequency(25)=6.30720000e+08;
diag_timePhase(25)=1.89216000e+09;
diag_fields{1,26}='WWW_VEL';
diag_fileNames{26}='WWW_VEL';
diag_frequency(26)=6.30720000e+08;
diag_timePhase(26)=1.89216000e+09;
diag_fields{1,27}='UVELPHI';
diag_fileNames{27}='UVELPHI';
diag_frequency(27)=6.30720000e+08;
diag_timePhase(27)=1.89216000e+09;
diag_fields{1,28}='VVELPHI';
diag_fileNames{28}='VVELPHI';
diag_frequency(28)=6.30720000e+08;
diag_timePhase(28)=1.89216000e+09;
